start=7074.966667
speed=1.331000
volume=124.000000
sid=no
sub-pos=99
